0 0.000000e+00 -6.330137e-63
1 1.266027e-62 -3.774193e-60
2 7.510405e-60 -1.104542e-57
3 2.186704e-57 -2.114935e-55
4 4.165159e-55 -2.979808e-53
5 5.837222e-53 -3.294177e-51
6 6.418058e-51 -2.975499e-49
7 5.765126e-49 -2.257948e-47
8 4.350182e-47 -1.468967e-45
9 2.813847e-45 -8.320232e-44
10 1.584410e-43 -4.152560e-42
11 7.860288e-42 -1.843947e-40
12 3.469015e-40 -7.342784e-39
13 1.372767e-38 -2.639347e-37
14 4.902877e-37 -8.610782e-36
15 1.589109e-35 -2.561665e-34
16 4.695977e-34 -6.976921e-33
17 1.270261e-32 -1.745627e-31
18 3.155995e-31 -4.024077e-30
19 7.223272e-30 -8.568716e-29
20 1.526829e-28 -1.689115e-27
21 2.987178e-27 -3.088350e-26
22 5.419669e-26 -5.246072e-25
23 9.133509e-25 -8.290820e-24
24 1.431749e-23 -1.220508e-22
25 2.090162e-22 -1.675350e-21
26 2.844551e-21 -2.146137e-20
27 3.611839e-20 -2.567384e-19
28 4.281663e-19 -2.869681e-18
29 4.741192e-18 -2.998126e-17
30 4.905810e-17 -2.928478e-16
31 4.744353e-16 -2.674562e-15
32 4.288652e-15 -2.283836e-14
33 3.623398e-14 -1.823066e-13
34 2.860726e-13 -1.359967e-12
35 2.109862e-12 -9.476417e-12
36 1.452908e-11 -6.164350e-11
37 9.335829e-11 -3.740485e-10
38 5.593108e-10 -2.115269e-09
39 3.121202e-09 -1.113587e-08
40 1.620556e-08 -5.450635e-08
41 7.818133e-08 -2.476804e-07
42 3.499233e-07 -1.043093e-06
43 1.450487e-06 -4.063581e-06
44 5.557333e-06 -1.461224e-05
45 1.963678e-05 -4.838553e-05
46 6.383618e-05 -1.471590e-04
47 1.904211e-04 -4.099751e-04
48 5.197917e-04 -1.043436e-03
49 1.294975e-03 -2.420450e-03
50 2.938040e-03 -5.110106e-03
51 6.063907e-03 -9.823916e-03
52 1.139911e-02 -1.726683e-02
53 1.962017e-02 -2.801600e-02
54 3.127672e-02 -4.267113e-02
55 4.704299e-02 -6.236136e-02
56 6.827290e-02 -8.915910e-02
57 9.725863e-02 -1.256215e-01
58 1.364817e-01 -1.734672e-01
59 1.872561e-01 -2.328432e-01
60 2.494271e-01 -3.033220e-01
61 3.226816e-01 -3.849766e-01
62 4.071258e-01 -4.770081e-01
63 5.013054e-01 -5.756207e-01
64 6.006749e-01 -6.751960e-01
65 6.996870e-01 -7.708664e-01
66 7.936665e-01 -8.573724e-01
67 8.767881e-01 -9.275112e-01
68 9.417341e-01 -9.753995e-01
69 9.835679e-01 -9.983234e-01
70 9.999008e-01 -9.939393e-01
71 9.883640e-01 -9.615499e-01
72 9.494091e-01 -9.047765e-01
73 8.872859e-01 -8.280031e-01
74 8.061132e-01 -7.360276e-01
75 7.114716e-01 -6.363055e-01
76 6.109096e-01 -5.348725e-01
77 5.097220e-01 -4.365616e-01
78 4.131376e-01 -3.467408e-01
79 3.259177e-01 -2.675794e-01
80 2.495753e-01 -2.005268e-01
81 1.858586e-01 -1.464272e-01
82 1.347174e-01 -1.036240e-01
83 9.462779e-02 -7.147044e-02
84 6.492331e-02 -4.793554e-02
85 4.311793e-02 -3.111740e-02
86 2.790254e-02 -1.986391e-02
87 1.763170e-02 -1.211275e-02
88 1.068865e-02 -7.361362e-03
89 6.483825e-03 -4.241792e-03
90 3.654087e-03 -2.423167e-03
91 2.143118e-03 -1.356008e-03
92 1.122090e-03 -6.942020e-04
93 6.311963e-04 -4.086918e-04
94 3.163769e-04 -1.626126e-04
95 1.603211e-04 -1.228944e-04
96 8.642624e-05 -2.475559e-05
97 3.208571e-05 -3.779900e-05
98 2.369586e-05 -5.986274e-07
99 5.306137e-06 -7.731572e-06
100 3.726653e-06 7.731572e-06
101 5.306137e-06 5.986274e-07
102 2.369586e-05 3.779900e-05
103 3.208571e-05 2.475559e-05
104 8.642624e-05 1.228944e-04
105 1.603211e-04 1.626126e-04
106 3.163769e-04 4.086918e-04
107 6.311963e-04 6.942020e-04
108 1.122090e-03 1.356008e-03
109 2.143118e-03 2.423167e-03
110 3.654087e-03 4.241792e-03
111 6.483825e-03 7.361362e-03
112 1.068865e-02 1.211275e-02
113 1.763170e-02 1.986391e-02
114 2.790254e-02 3.111740e-02
115 4.311793e-02 4.793554e-02
116 6.492331e-02 7.147044e-02
117 9.462779e-02 1.036240e-01
118 1.347174e-01 1.464272e-01
119 1.858586e-01 2.005268e-01
120 2.495753e-01 2.675794e-01
121 3.259177e-01 3.467408e-01
122 4.131376e-01 4.365616e-01
123 5.097220e-01 5.348725e-01
124 6.109096e-01 6.363055e-01
125 7.114716e-01 7.360276e-01
126 8.061132e-01 8.280031e-01
127 8.872859e-01 9.047765e-01
128 9.494091e-01 9.615499e-01
129 9.883640e-01 9.939393e-01
130 9.999008e-01 9.983234e-01
131 9.835679e-01 9.753995e-01
132 9.417341e-01 9.275112e-01
133 8.767881e-01 8.573724e-01
134 7.936665e-01 7.708664e-01
135 6.996870e-01 6.751960e-01
136 6.006749e-01 5.756207e-01
137 5.013054e-01 4.770081e-01
138 4.071258e-01 3.849766e-01
139 3.226816e-01 3.033220e-01
140 2.494271e-01 2.328432e-01
141 1.872561e-01 1.734672e-01
142 1.364817e-01 1.256215e-01
143 9.725863e-02 8.915910e-02
144 6.827290e-02 6.236136e-02
145 4.704299e-02 4.267113e-02
146 3.127672e-02 2.801600e-02
147 1.962017e-02 1.726683e-02
148 1.139911e-02 9.823916e-03
149 6.063907e-03 5.110106e-03
150 2.938040e-03 2.420450e-03
151 1.294975e-03 1.043436e-03
152 5.197917e-04 4.099751e-04
153 1.904211e-04 1.471590e-04
154 6.383618e-05 4.838553e-05
155 1.963678e-05 1.461224e-05
156 5.557333e-06 4.063581e-06
157 1.450487e-06 1.043093e-06
158 3.499233e-07 2.476804e-07
159 7.818133e-08 5.450635e-08
160 1.620556e-08 1.113587e-08
161 3.121202e-09 2.115269e-09
162 5.593108e-10 3.740485e-10
163 9.335829e-11 6.164350e-11
164 1.452908e-11 9.476417e-12
165 2.109862e-12 1.359967e-12
166 2.860726e-13 1.823066e-13
167 3.623398e-14 2.283836e-14
168 4.288652e-15 2.674562e-15
169 4.744353e-16 2.928478e-16
170 4.905810e-17 2.998126e-17
171 4.741192e-18 2.869681e-18
172 4.281663e-19 2.567384e-19
173 3.611839e-20 2.146137e-20
174 2.844551e-21 1.675350e-21
175 2.090162e-22 1.220508e-22
176 1.431749e-23 8.290820e-24
177 9.133509e-25 5.246072e-25
178 5.419669e-26 3.088350e-26
179 2.987178e-27 1.689115e-27
180 1.526829e-28 8.568716e-29
181 7.223272e-30 4.024077e-30
182 3.155995e-31 1.745627e-31
183 1.270261e-32 6.976921e-33
184 4.695977e-34 2.561665e-34
185 1.589109e-35 8.610782e-36
186 4.902877e-37 2.639347e-37
187 1.372767e-38 7.342784e-39
188 3.469015e-40 1.843947e-40
189 7.860288e-42 4.152560e-42
190 1.584410e-43 8.320232e-44
191 2.813847e-45 1.468967e-45
192 4.350182e-47 2.257948e-47
193 5.765126e-49 2.975499e-49
194 6.418058e-51 3.294177e-51
195 5.837222e-53 2.979808e-53
196 4.165159e-55 2.114935e-55
197 2.186704e-57 1.104542e-57
198 7.510405e-60 3.774193e-60
199 1.266027e-62 0.000000e+00
